0 0 1 0 0 0 1 0 0 0 1 0 0 10.1936 -0.0148156 0 0 20 
0 -0.000212339 1.00048 0 -0.0127393 0.0189669 0.999716 0.0238403 0 0 0.907402 0 0 10.0625 -0.403075 0.10464 -0.00389259 20 
3.47049e-05 -0.00151294 1.00173 0.00277619 -0.0377335 0.0312184 0.999642 0.0150285 0.0081739 -0.000119026 -1.61182 0.65378 -0.0149715 9.96302 0.258021 -0.11792 -0.004877 20 
0.000477045 -0.00351807 1.00349 0.0161012 -0.0391111 0.0393161 0.999814 -0.00510331 0.015323 -0.000627239 0.00102544 -0.0828831 -0.0337292 9.92073 0.0179843 0.000270426 1.79992e-05 20 
0.00164541 -0.00535235 1.0056 0.0302938 -0.0345139 0.0447132 0.999624 -0.00367818 0.0132923 -0.00151941 0.113485 -0.0809278 -0.03366 9.88528 -0.0182795 0.00815688 -4.81702e-05 20 
0.0034744 -0.00700532 1.00792 0.0426368 -0.0318359 0.0483221 0.999643 -0.00228427 0.0119011 -0.00237841 -0.000820644 -0.0300068 -0.0338452 9.85974 6.75246e-05 -0.000213512 -1.20792e-05 20 
0.00589333 -0.00854141 1.0104 0.0539943 -0.0296034 0.0506744 0.999648 -0.00231233 0.0111314 -0.00322178 -0.00043118 -0.0313408 -0.0338917 9.84314 0.00111407 -0.000187664 1.09462e-06 20 
0.00886054 -0.00996582 1.01297 0.0645631 -0.0273845 0.0522136 0.999653 -0.0022485 0.0103314 -0.00406776 0.00649797 -0.0325169 -0.0338875 9.83197 -9.51707e-05 0.000368472 6.44351e-07 20 
0.0123362 -0.0112821 1.0156 0.074335 -0.0252905 0.0532109 0.999658 -0.0021059 0.00954493 -0.00491452 0.00586994 -0.0302205 -0.033885 9.82463 -0.00010438 0.000321954 3.06816e-08 20 
0.0162815 -0.0124972 1.01828 0.0833557 -0.0233345 0.0538561 0.99966 -0.00197946 0.00881227 -0.00576113 0.00518662 -0.0282142 -0.0338849 9.81981 -3.2767e-05 0.000273308 9.75452e-08 20 
0.0206601 -0.0136176 1.02098 0.0916774 -0.0215004 0.0542731 0.999661 -0.0018642 0.00812601 -0.00660772 0.00495285 -0.0265113 -0.0338845 9.81663 -3.11403e-05 0.000261595 1.28152e-07 20 
0.0254383 -0.0146491 1.0237 0.0993444 -0.0197797 0.0545419 0.99966 -0.00175436 0.00748143 -0.00745432 0.00473102 -0.0248815 -0.033884 9.81451 -3.47015e-05 0.000249314 1.2527e-07 20 
0.0305843 -0.0155973 1.02644 0.106398 -0.0181661 0.0547143 0.999658 -0.00165001 0.00687666 -0.00830092 0.00448861 -0.0233282 -0.0338835 9.81309 -3.31408e-05 0.000233855 1.18733e-07 20 
0.0360685 -0.0164674 1.02917 0.112876 -0.0166533 0.0548241 0.999654 -0.00155126 0.00630955 -0.00914753 0.00425755 -0.0218712 -0.0338831 9.81214 -3.14609e-05 0.000220444 1.12736e-07 20 
0.0418629 -0.0172642 1.03192 0.118816 -0.0152351 0.0548935 0.99965 -0.00145782 0.00577785 -0.00999414 0.00403849 -0.0204978 -0.0338826 9.8115 -2.99963e-05 0.000207345 1.21762e-07 20 
0.0479416 -0.0179924 1.03466 0.12425 -0.0139059 0.0549367 0.999644 -0.00136937 0.0052795 -0.0108407 0.00382999 -0.0192061 -0.0338822 9.81106 -2.87126e-05 0.000195286 1.2011e-07 20 
0.05428 -0.0186562 1.03741 0.129211 -0.0126604 0.054963 0.999637 -0.00128568 0.00481254 -0.0116873 0.00363085 -0.0179895 -0.0338817 9.81075 -2.74679e-05 0.000182979 1.23461e-07 20 
0.0608553 -0.0192598 1.04016 0.133729 -0.0114936 0.0549785 0.999628 -0.00120651 0.00437508 -0.0125339 0.00344073 -0.0168496 -0.0338812 9.81054 -2.61102e-05 0.000172632 1.24473e-07 20 
0.067646 -0.0198068 1.04291 0.137831 -0.0104008 0.0549871 0.999619 -0.00113162 0.00396536 -0.0133805 0.00326027 -0.0157742 -0.0338808 9.81038 -2.48115e-05 0.000161674 1.2684e-07 20 
0.074632 -0.020301 1.04566 0.141545 -0.0093775 0.0549913 0.999609 -0.00106077 0.00358171 -0.0142271 0.00308903 -0.0147671 -0.0338803 9.81028 -2.37667e-05 0.000152502 1.25843e-07 20 
0.0817944 -0.0207457 1.04841 0.144894 -0.00841959 0.0549928 0.999598 -0.000993754 0.00322257 -0.0150736 0.00292535 -0.0138172 -0.0338798 9.81019 -2.25483e-05 0.000143001 1.27637e-07 20 
0.0891156 -0.021144 1.05116 0.147902 -0.00752313 0.0549925 0.999586 -0.000930374 0.00288649 -0.0159202 0.00277027 -0.0129264 -0.0338793 9.81014 -2.15118e-05 0.000134571 1.24828e-07 20 
0.0965792 -0.0214989 1.05391 0.150591 -0.00668445 0.0549913 0.999573 -0.000870431 0.00257208 -0.0167667 0.00262258 -0.0120882 -0.0338788 9.81009 -2.04227e-05 0.000126134 1.2656e-07 20 
0.10417 -0.0218133 1.05666 0.152982 -0.00590007 0.0549895 0.999559 -0.000813741 0.00227801 -0.0176132 0.00248256 -0.0113026 -0.0338783 9.81006 -1.95176e-05 0.00011899 1.2902e-07 20 
0.111873 -0.0220898 1.05941 0.155093 -0.00516674 0.0549874 0.999544 -0.000760131 0.00200307 -0.0184597 0.002349 -0.0105614 -0.0338778 9.81003 -1.854e-05 0.000111215 1.28168e-07 20 
0.119675 -0.0223308 1.06215 0.156943 -0.00448138 0.0549853 0.999529 -0.00070944 0.00174611 -0.0193062 0.00222231 -0.00986876 -0.0338773 9.81002 -1.76388e-05 0.000105123 1.29123e-07 20 
0.127563 -0.0225387 1.0649 0.15855 -0.00384111 0.0549831 0.999513 -0.00066151 0.00150604 -0.0201526 0.00210196 -0.00921403 -0.0338768 9.81 -1.67968e-05 9.85361e-05 1.28784e-07 20 
0.135526 -0.0227156 1.06765 0.159928 -0.0032432 0.054981 0.999496 -0.000616191 0.00128187 -0.020999 0.00198755 -0.00860034 -0.0338764 9.80999 -1.59509e-05 9.22179e-05 1.25781e-07 20 
0.143552 -0.0228637 1.0704 0.161094 -0.00268511 0.054979 0.999478 -0.000573344 0.00107261 -0.0218454 0.00187906 -0.00802603 -0.0338759 9.80999 -1.52492e-05 8.70639e-05 1.26209e-07 20 
0.151632 -0.0229848 1.07315 0.162061 -0.00216443 0.0549771 0.999459 -0.00053284 0.000877351 -0.0226918 0.00177554 -0.00748381 -0.0338754 9.80998 -1.44467e-05 8.158e-05 1.26254e-07 20 
0.159755 -0.0230807 1.0759 0.162842 -0.0016789 0.0549753 0.99944 -0.000494554 0.000695272 -0.0235382 0.0016776 -0.00697577 -0.0338749 9.80998 -1.37445e-05 7.67856e-05 1.24578e-07 20 
0.167913 -0.0231532 1.07865 0.163451 -0.00122639 0.0549736 0.999419 -0.000458362 0.000525568 -0.0243845 0.00158456 -0.00649758 -0.0338744 9.80998 -1.30908e-05 7.16685e-05 1.25698e-07 20 
0.176098 -0.0232039 1.0814 0.163899 -0.0008049 0.0549721 0.999398 -0.000424155 0.00036747 -0.0252308 0.0014961 -0.00605129 -0.0338739 9.80998 -1.24351e-05 6.78742e-05 1.24308e-07 20 
0.184301 -0.0232342 1.08415 0.164196 -0.000412547 0.0549706 0.999377 -0.000391827 0.000220281 -0.0260771 0.0014122 -0.00562861 -0.0338735 9.80998 -1.18615e-05 6.35167e-05 1.24296e-07 20 
0.192515 -0.0232456 1.08689 0.164354 -4.75606e-05 0.0549693 0.999354 -0.000361277 8.33664e-05 -0.0269233 0.00133232 -0.00523308 -0.033873 9.80998 -1.12408e-05 5.93064e-05 1.20134e-07 20 
0.200734 -0.0232394 1.08964 0.164382 0.000291726 0.0549681 0.999331 -0.000332411 -4.39417e-05 -0.0277695 0.00125672 -0.00486379 -0.0338725 9.80998 -1.07092e-05 5.61201e-05 1.19758e-07 20 
0.208951 -0.0232168 1.09239 0.164289 0.000606879 0.0549669 0.999307 -0.000305137 -0.00016222 -0.0286157 0.00118483 -0.00451433 -0.0338721 9.80998 -1.016e-05 5.22011e-05 1.16822e-07 20 
0.217161 -0.0231791 1.09514 0.164084 0.000899375 0.0549659 0.999283 -0.00027937 -0.000272023 -0.0294619 0.00111672 -0.00418929 -0.0338716 9.80998 -9.6683e-06 4.96143e-05 1.17088e-07 20 
0.225358 -0.0231272 1.09789 0.163774 0.0011706 0.0549649 0.999257 -0.000255028 -0.000373857 -0.030308 0.00105202 -0.00388035 -0.0338712 9.80999 -9.21108e-06 4.59966e-05 1.16397e-07 20 
0.233537 -0.0230623 1.10064 0.163368 0.00142185 0.054964 0.999231 -0.000232036 -0.000468207 -0.0311541 0.000990496 -0.00359395 -0.0338707 9.80999 -8.72999e-06 4.34892e-05 1.14642e-07 20 
0.241693 -0.0229853 1.10338 0.162873 0.00165436 0.0549632 0.999205 -0.000210323 -0.000555551 -0.0320002 0.000932273 -0.00332316 -0.0338703 9.80999 -8.30838e-06 4.0655e-05 1.12519e-07 20 
0.249823 -0.0228972 1.10613 0.162295 0.00186928 0.0549625 0.999177 -0.000189818 -0.000636305 -0.0328462 0.000876962 -0.00307003 -0.0338698 9.81 -7.89114e-06 3.80035e-05 1.10641e-07 20 
0.257921 -0.0227987 1.10888 0.16164 0.0020677 0.0549618 0.999149 -0.000170456 -0.000710897 -0.0336922 0.000824519 -0.0028334 -0.0338694 9.81 -7.51425e-06 3.59592e-05 1.09459e-07 20 
0.265985 -0.0226907 1.11163 0.160914 0.00225063 0.0549612 0.99912 -0.000152178 -0.000779694 -0.0345382 0.000774674 -0.00260951 -0.033869 9.81 -7.13026e-06 3.35501e-05 1.07637e-07 20 
0.274012 -0.0225739 1.11438 0.160124 0.00241904 0.0549606 0.99909 -0.000134925 -0.000843043 -0.0353841 0.000727459 -0.00240061 -0.0338686 9.81001 -6.77048e-06 3.15548e-05 1.06104e-07 20 
0.281997 -0.022449 1.11712 0.159273 0.00257383 0.05496 0.99906 -0.000118641 -0.000901289 -0.03623 0.000682706 -0.00220414 -0.0338682 9.81001 -6.44265e-06 2.9311e-05 1.04423e-07 20 
0.289938 -0.0223167 1.11987 0.158367 0.00271584 0.0549595 0.999029 -0.000103275 -0.000954762 -0.0370759 0.000640204 -0.00202165 -0.0338678 9.81001 -6.10449e-06 2.76035e-05 1.03041e-07 20 
0.297833 -0.0221776 1.12262 0.15741 0.00284588 0.0549591 0.998997 -8.87767e-05 -0.00100377 -0.0379217 0.000600002 -0.00184978 -0.0338674 9.81001 -5.81973e-06 2.5897e-05 1.01404e-07 20 
0.305678 -0.0220323 1.12537 0.156407 0.00296469 0.0549587 0.998965 -7.51e-05 -0.00104858 -0.0387675 0.000561756 -0.00168854 -0.033867 9.81002 -5.52058e-06 2.4398e-05 9.9238e-08 20 
0.313473 -0.0218813 1.12812 0.155362 0.00307298 0.0549583 0.998932 -6.2201e-05 -0.00108944 -0.0396133 0.000525546 -0.00153663 -0.0338666 9.81002 -5.24732e-06 2.24225e-05 9.69216e-08 20 
0.321214 -0.0217252 1.13086 0.154278 0.00317141 0.054958 0.998898 -5.00384e-05 -0.00112663 -0.040459 0.000491198 -0.00139702 -0.0338662 9.81002 -4.9806e-06 2.1492e-05 9.51795e-08 20 
0.3289 -0.0215643 1.13361 0.153159 0.00326062 0.0549577 0.998863 -3.85725e-05 -0.00116037 -0.0413047 0.000458661 -0.0012632 -0.0338659 9.81002 -4.74929e-06 1.98051e-05 9.32983e-08 20 
0.336529 -0.0213992 1.13636 0.152008 0.00334118 0.0549574 0.998828 -2.77664e-05 -0.00119087 -0.0421504 0.000427707 -0.00113989 -0.0338655 9.81002 -4.46198e-06 1.87001e-05 9.23919e-08 20 
0.3441 -0.0212303 1.13911 0.150829 0.00341364 0.0549571 0.998792 -1.75827e-05 -0.00121834 -0.042996 0.000398675 -0.00102345 -0.0338652 9.81003 -4.28824e-06 1.74103e-05 9.03265e-08 20 
0.351612 -0.021058 1.14186 0.149623 0.00347853 0.0549568 0.998755 -7.98794e-06 -0.00124297 -0.0438415 0.000370847 -0.000915044 -0.0338648 9.81003 -4.04402e-06 1.61555e-05 8.88935e-08 20 
0.359062 -0.0208826 1.1446 0.148395 0.00353633 0.0549566 0.998717 1.04715e-06 -0.00126496 -0.0446871 0.000344657 -0.000814451 -0.0338645 9.81003 -3.86684e-06 1.52319e-05 8.67359e-08 20 
0.366451 -0.0207045 1.14735 0.147145 0.0035875 0.0549564 0.998679 9.55274e-06 -0.00128448 -0.0455326 0.000319678 -0.000719603 -0.0338641 9.81003 -3.63066e-06 1.42853e-05 8.57434e-08 20 
0.373776 -0.020524 1.1501 0.145878 0.00363247 0.0549562 0.99864 1.7559e-05 -0.00130168 -0.046378 0.000296271 -0.000630646 -0.0338638 9.81003 -3.48636e-06 1.32544e-05 8.48555e-08 20 
0.381038 -0.0203413 1.15285 0.144594 0.00367164 0.054956 0.998601 2.50928e-05 -0.00131671 -0.0472234 0.000273858 -0.000548107 -0.0338635 9.81003 -3.31111e-06 1.25354e-05 8.18669e-08 20 
0.388236 -0.0201569 1.1556 0.143296 0.0037054 0.0549559 0.99856 3.21767e-05 -0.0013297 -0.0480688 0.000252625 -0.000470039 -0.0338631 9.81003 -3.10271e-06 1.14218e-05 8.12041e-08 20 
0.395368 -0.0199709 1.15834 0.141987 0.0037341 0.0549557 0.998519 3.88375e-05 -0.00134081 -0.0489141 0.000232773 -0.00039891 -0.0338628 9.81003 -2.98079e-06 1.09059e-05 7.84045e-08 20 
0.402434 -0.0197836 1.16109 0.140667 0.00375808 0.0549556 0.998477 4.50983e-05 -0.00135016 -0.0497594 0.000213757 -0.000330985 -0.0338625 9.81003 -2.81266e-06 1.01129e-05 7.73345e-08 20 
0.409434 -0.0195952 1.16384 0.139338 0.00377765 0.0549555 0.998435 5.09798e-05 -0.00135786 -0.0506047 0.000195861 -0.000267996 -0.0338622 9.81003 -2.69388e-06 9.22248e-06 7.52717e-08 20 
0.416368 -0.0194059 1.16659 0.138002 0.00379311 0.0549554 0.998392 5.6501e-05 -0.00136402 -0.0514499 0.000178771 -0.000210554 -0.0338619 9.81004 -2.5204e-06 8.69751e-06 7.42705e-08 20 
0.423234 -0.0192159 1.16933 0.136661 0.00380474 0.0549553 0.998348 6.16816e-05 -0.00136877 -0.052295 0.000162824 -0.000156375 -0.0338617 9.81003 -2.42091e-06 8.3827e-06 7.31549e-08 20 
0.430034 -0.0190255 1.17208 0.135315 0.00381281 0.0549551 0.998303 6.65423e-05 -0.00137218 -0.0531402 0.000147556 -0.000104147 -0.0338614 9.81004 -2.28711e-06 7.50379e-06 7.13752e-08 20 
0.436766 -0.0188347 1.17483 0.133966 0.00381755 0.0549551 0.998258 7.10988e-05 -0.00137432 -0.0539852 0.000133176 -5.73972e-05 -0.0338611 9.81004 -2.18449e-06 6.98542e-06 6.89658e-08 20 
0.44343 -0.0186437 1.17758 0.132616 0.00381919 0.054955 0.998212 7.53659e-05 -0.00137532 -0.0548303 0.000119485 -1.3872e-05 -0.0338608 9.81004 -2.04588e-06 6.62566e-06 6.7529e-08 20 
0.450027 -0.0184528 1.18033 0.131265 0.00381796 0.054955 0.998165 7.93608e-05 -0.00137524 -0.0556752 0.000106706 2.74187e-05 -0.0338606 9.81004 -1.95911e-06 5.91314e-06 6.6446e-08 20 
0.456557 -0.018262 1.18307 0.129915 0.00381406 0.0549549 0.998117 8.30986e-05 -0.00137417 -0.0565202 9.45097e-05 6.42693e-05 -0.0338603 9.81004 -1.86882e-06 5.78217e-06 6.42866e-08 20 
0.463019 -0.0180714 1.18582 0.128565 0.00380768 0.0549548 0.998069 8.6591e-05 -0.00137217 -0.0573651 8.29166e-05 0.000100314 -0.0338601 9.81004 -1.73899e-06 5.14586e-06 6.36102e-08 20 
0.469413 -0.0178813 1.18857 0.127218 0.003799 0.0549548 0.99802 8.98535e-05 -0.00136931 -0.0582099 7.2171e-05 0.000132394 -0.0338598 9.81004 -1.68996e-06 4.87756e-06 6.15945e-08 20 
0.475741 -0.0176916 1.19132 0.125874 0.00378818 0.0549548 0.997971 9.28976e-05 -0.00136564 -0.0590547 6.17649e-05 0.000162807 -0.0338596 9.81004 -1.57719e-06 4.43792e-06 6.08276e-08 20 
0.482001 -0.0175025 1.19406 0.124534 0.00377539 0.0549547 0.99792 9.57342e-05 -0.00136124 -0.0598994 5.20944e-05 0.000190484 -0.0338593 9.81004 -1.50633e-06 4.09873e-06 5.97139e-08 20 
0.488194 -0.0173141 1.19681 0.123198 0.00376077 0.0549547 0.997869 9.83751e-05 -0.00135616 -0.0607441 4.28949e-05 0.000216051 -0.0338591 9.81004 -1.42398e-06 3.89411e-06 5.90526e-08 20 
0.494321 -0.0171264 1.19956 0.121867 0.00374447 0.0549547 0.997817 0.000100831 -0.00135044 -0.0615888 3.42365e-05 0.000240348 -0.0338589 9.81004 -1.34982e-06 3.47215e-06 5.71417e-08 20 
0.500381 -0.0169396 1.20231 0.120542 0.00372661 0.0549547 0.997765 0.000103113 -0.00134414 -0.0624334 2.60659e-05 0.000262018 -0.0338587 9.81003 -1.2889e-06 3.14073e-06 5.54579e-08 20 
0.506375 -0.0167538 1.20505 0.119223 0.00370731 0.0549546 0.997712 0.000105228 -0.00133731 -0.0632779 1.82979e-05 0.000281624 -0.0338585 9.81003 -1.20766e-06 2.96024e-06 5.40974e-08 20 
0.512303 -0.0165689 1.2078 0.117911 0.0036867 0.0549546 0.997658 0.000107185 -0.00132998 -0.0641224 1.10577e-05 0.00030011 -0.0338583 9.81003 -1.16848e-06 2.79242e-06 5.28998e-08 20 
0.518166 -0.0163851 1.21055 0.116607 0.00366488 0.0549546 0.997603 0.000108995 -0.0013222 -0.0649669 4.08152e-06 0.000317554 -0.033858 9.81003 -1.07659e-06 2.41735e-06 5.18078e-08 20 
0.523964 -0.0162025 1.2133 0.11531 0.00364195 0.0549546 0.997548 0.000110664 -0.001314 -0.0658113 -2.30321e-06 0.000332662 -0.0338578 9.81003 -1.03789e-06 2.25605e-06 5.06736e-08 20 
0.529697 -0.016021 1.21605 0.114021 0.003618 0.0549545 0.997492 0.000112201 -0.00130543 -0.0666556 -8.4306e-06 0.000346768 -0.0338577 9.81003 -9.83705e-07 2.0926e-06 4.92463e-08 20 
0.535366 -0.0158407 1.21879 0.11274 0.00359312 0.0549546 0.997435 0.000113612 -0.0012965 -0.0674999 -1.42049e-05 0.000359858 -0.0338575 9.81003 -9.41282e-07 1.78548e-06 4.83473e-08 20 
0.540972 -0.0156617 1.22154 0.111468 0.00356741 0.0549545 0.997378 0.000114903 -0.00128727 -0.0683441 -1.97013e-05 0.000371036 -0.0338573 9.81003 -8.69757e-07 1.77536e-06 4.76499e-08 20 
0.546513 -0.015484 1.22429 0.110206 0.00354093 0.0549545 0.997319 0.000116082 -0.00127774 -0.0691883 -2.47388e-05 0.000382155 -0.0338571 9.81003 -8.45267e-07 1.54137e-06 4.60234e-08 20 
0.551992 -0.0153076 1.22704 0.108953 0.00351375 0.0549545 0.997261 0.000117155 -0.00126795 -0.0700325 -2.96123e-05 0.000391817 -0.0338569 9.81003 -7.9142e-07 1.27132e-06 4.52611e-08 20 
0.557409 -0.0151326 1.22978 0.107709 0.00348596 0.0549545 0.997201 0.000118126 -0.00125792 -0.0708765 -3.41399e-05 0.000399797 -0.0338567 9.81003 -7.44329e-07 1.2209e-06 4.38948e-08 20 
0.562763 -0.014959 1.23253 0.106475 0.0034576 0.0549545 0.997141 0.000119002 -0.00124769 -0.0717206 -3.83649e-05 0.000407466 -0.0338566 9.81003 -7.03774e-07 1.10555e-06 4.31284e-08 20 
0.568056 -0.0147868 1.23528 0.105251 0.00342875 0.0549545 0.99708 0.000119789 -0.00123728 -0.0725645 -4.23287e-05 0.000414418 -0.0338564 9.81003 -6.8625e-07 9.69706e-07 4.22172e-08 20 
0.573289 -0.0146161 1.23803 0.104038 0.00339945 0.0549545 0.997018 0.00012049 -0.00122669 -0.0734085 -4.61761e-05 0.000420526 -0.0338562 9.81003 -6.30493e-07 7.27546e-07 4.09704e-08 20 
0.57846 -0.0144469 1.24078 0.102834 0.00336976 0.0549545 0.996955 0.00012111 -0.00121596 -0.0742523 -4.96693e-05 0.000425124 -0.0338561 9.81003 -6.03737e-07 8.56099e-07 3.97613e-08 20 
0.583572 -0.0142792 1.24352 0.101642 0.00333974 0.0549545 0.996892 0.000121654 -0.0012051 -0.0750961 -5.299e-05 0.000430528 -0.0338559 9.81003 -5.60144e-07 5.66341e-07 3.84403e-08 20 
0.588625 -0.0141129 1.24627 0.100459 0.00330941 0.0549546 0.996828 0.000122126 -0.00119412 -0.0759398 -5.60335e-05 0.000434126 -0.0338558 9.81003 -5.5767e-07 5.80927e-07 3.87845e-08 20 
0.593618 -0.0139482 1.24902 0.099288 0.00327883 0.0549546 0.996764 0.000122531 -0.00118304 -0.0767835 -5.90577e-05 0.000437817 -0.0338556 9.81003 -5.03748e-07 3.21315e-07 3.69803e-08 20 
0.598554 -0.0137851 1.25177 0.0981274 0.00324804 0.0549546 0.996698 0.000122869 -0.00117188 -0.0776271 -6.17418e-05 0.00043989 -0.0338555 9.81003 -4.86344e-07 4.29751e-07 3.59153e-08 20 
0.603431 -0.0136234 1.25451 0.0969776 0.00321707 0.0549546 0.996632 0.000123147 -0.00116066 -0.0784707 -6.43146e-05 0.000442642 -0.0338554 9.81003 -4.49502e-07 2.01079e-07 3.58086e-08 20 
0.608252 -0.0134633 1.25726 0.0958389 0.00318596 0.0549546 0.996566 0.000123367 -0.00114938 -0.0793142 -6.6655e-05 0.000443968 -0.0338552 9.81003 -4.40348e-07 2.34612e-07 3.44914e-08 20 
0.613015 -0.0133048 1.26001 0.0947111 0.00315475 0.0549546 0.996498 0.000123533 -0.00113806 -0.0801576 -6.89367e-05 0.000445506 -0.0338551 9.81003 -3.90381e-07 7.58318e-08 3.42259e-08 20 
0.617723 -0.0131479 1.26276 0.0935944 0.00312345 0.0549546 0.99643 0.000123647 -0.00112671 -0.081001 -7.09049e-05 0.000446054 -0.0338549 9.81003 -3.93874e-07 8.50312e-08 3.28433e-08 20 
0.622375 -0.0129925 1.26551 0.0924887 0.00309211 0.0549546 0.996361 0.000123714 -0.00111534 -0.0818444 -7.28944e-05 0.000446662 -0.0338548 9.81003 -3.69729e-07 6.16044e-09 3.21408e-08 20 
